# Centroid Zip Codes (High Overlap Mode)
# Total Count: 1877
# Generated to guarantee full coverage within specified radius.
#
# Usage: python scrape_dealers.py --brand ford --zip-file centroid_zip_codes.txt
#

# AK
99546
99720
99786
99721
99511
99820
99722
99547
99791
99723
99724
99559
99727
99729
99730
99788
99732
99564
99565
99566
99569
99573
99574
99575
99736
99755
99824
99738
99579
99580
99739
99583
99731
99703
99740
99741
99742
99590
99826
99827
99743
99602
99604
99745
99746
99922
99923
99606
99505
99830
99747
99748
99608
99609
99612
99614
99750
99619
99620
99752
99753
99622
99757
99625
99626
99756
99585
99627
99630
99926
99903
99632
99633
99760
99690
99691
99638
99639
99761
99762
99763
99764
99789
99666
99643
99647
99832
99648
99833
99649
99651
99927
99766
99759
99836
99549
99734
99655
99767
99768
99657
99591
99659
99660
99714
99661
99769
99770
99663
99664
99772
99773
99835
99667
99668
99669
99774
99676
99777
99677
99778
99678
99780
99680
99682
99684
99685
99781
99782
99783
99629
99784
99693
99929
99689

# AL
35006
35011
35739
36507
36314
36427
35446
35959
36016
36435
36852
36022
36529
35459
35622
36856
36540
36343
36744
36547
35078
35979
35571
35980
36544
36346
36793
36455
36456
36763
35578
35764
36069
36775
36919
35672
35172
36087
35592
35677
36277
36280

# AR
72820
72611
71630
71822
72311
71721
72521
72027
72829
72328
71834
72938
71748
72079
71651
72404
71749
72104
72443
72101
71959
72663
72856
72376
72135
72952
72761
71970
72160
72583
71770
72176
72478
72773
72179
71676
72395
71678

# AZ
85922
86520
86020
85130
85328
85533
86441
85926
85670
86022
86505
85337
86025
86329
86401
86332
86406
86432
85341
85653
86036
86446
85342
85620
85621
86334
85542
85045
85544
85934
85346
85263
86545
85548
85629
85348
85349
85631
85632
86512
85633
86043
86336
85634
86054
85938
86435
85173
85352
85354
86556
86046
86047
85554

# CA
93201
92539
95912
90704
93314
95915
94511
93920
93515
95918
92232
93518
93207
93428
91387
92624
96140
95012
95306
95928
92323
96107
92328
92239
95429
96109
95430
96025
96110
93523
95939
92023
92332
96027
95536
93622
94933
96112
95538
92310
93721
95633
93199
95445
95322
92347
96044
93234
93526
95640
93235
91934
95327
92036
93529
95451
95644
93243
93438
90808
96054
92356
96058
95552
90263
95460
92551
95140
94558
93254
93023
93549
96071
95555
94060
93448
96080
93555
95899
95368
92275
95563
94579
93954
92173
93461
93664
96125
96130
92389
96132
92277
96095
95589
92397

# CO
80720
81102
81121
80804
80610
81022
81027
81029
80108
81221
80430
80928
81224
80105
81036
81040
81522
80532
81601
81503
81228
80819
80820
81639
81047
80734
80451
80642
80735
80736
81138
80823
81235
81054
81327
81329
81640
81641
81645
81059
81143
81425
80649
81635
80471
80832
81648
81431
81332
81067
81248
80475
81154
80836
80479
81091

# CT
06755
06836
06114
06373
06376
06516

# DC
20375

# DE
19954
19730
19975

# FL
32320
34266
32618
34705
33826
32105
33424
32321
32011
34138
34429
33523
32141
34951
32563
33844
33475
34692
32147
33019
33032
33040
33935
32336
33547
33052
34103
34480
34974
32831
32907
32346
32403
33945
32026
32095
33715
32356
32459
33493
32692
33070
34285
32094

# GA
30022
30605
31720
31519
39829
30525
31303
30710
39836
30423
30157
31019
31024
30536
31631
31029
30643
31546
31636
30554
31816
30818
31639
39870
30269
30822
31071
30733
30070
31324
31081
31082
31787
31789
30401
30473
31088
30673
31565
31502

# HI
96705
96824
96743
96748
96750
96753
96772
96785
96898

# IA
51001
52202
51230
50519
51631
52540
52728
50424
50523
52542
52133
51014
52734
50058
51503
50063
52003
52042
51532
50101
51537
50645
52240
52632
52251
50142
50147
51545
50401
50854
50210
50568
51354
50858
52323
50665
51648
50228
50667
50236
51358
51052
51461
52650
52593
52595

# ID
83312
83211
83213
83801
83601
83802
83806
83604
83320
83227
83229
83821
83615
83525
83327
83531
83203
83237
83622
83238
83623
83241
83243
83403
83429
83464
83636
83501
83641
83645
83435
83845
83650
83438
83347
83546
83851
83547
83302
83455
83671
83285
83355

# IL
62215
62410
61312
61814
60108
60913
62910
62013
62914
61423
62917
61321
62526
61736
62832
62239
61635
62241
60135
60425
62433
62434
61443
61048
61542
62861
62666
60537
62353
60086
62366
61949
60962
62083
61874
60966
62885
62465
62692
62895
62093
62998
61091

# IN
46031
47324
47836
47429
47529
46131
47245
46746
47131
46148
46940
47909
46942
46149
47142
47957
47033
46554
46780
47380
47635
46785
47580
47467
47043
46590

# KS
67518
67519
67731
67333
66842
67029
67837
67038
67950
67526
67840
66941
66423
66026
67842
66735
67445
67640
67737
66852
67739
67851
66439
67504
67065
67855
67645
67905
66858
67863
67464
66755
67559
67117
67118
67656
66517
66521
66210
66962
66073
66528
66964
67133
67137
67480
67140
67669
67481
66776
66778
67150
67762
67764

# KY
42120
41101
40003
40107
40310
41007
42721
40312
40820
42733
40317
41039
42223
40940
40944
42049
42151
42749
42256
41837
42633
40460
41553
42445
41366
40370
41264

# LA
71316
70513
70342
70427
70040
71414
71415
71233
70353
70639
70643
70358
70748
71251
70651
70551
71050
70559
70081
70764
71467
70454
71269
71068
71474
70461
70665
70585
70090
71375
71486

# MA
02535
01519
02041
01346
01245
02653
02564
02180
02777
01079
01475

# MD
21711
20626
21538
21666
21790
21866
21869
21160
21244

# ME
04613
04287
04925
04737
04928
04626
04637
04255
04429
04645
03904
04949
04852
04760
04955
04068
04970
04478
04774
04070
04775
04785
04493
04497

# MI
49902
48106
48720
49622
49033
48619
49725
49626
48434
48623
49325
49835
48624
49737
49838
49637
49738
48138
48740
48028
49424
49642
49938
48032
49062
49330
49945
48144
48449
49833
48853
48854
49657
49858
49861
49952
49765
48343
49777
49340
49085
49884
48760
49463
49793
49288
49969
48770
49896

# MN
56710
55705
56311
56623
55601
56619
56520
55919
55712
55337
56016
56523
56225
56226
56442
56443
56232
56501
55807
55332
56641
55026
56037
55605
56728
56044
56551
56338
55575
55946
56153
56654
55612
56157
56657
55047
55760
55765
56660
56560
55772
56467
56738
56741
56666
55067
56751
56285
55972
56374
56171
56288
56174
55977
56684
56584
56389
55796
55398

# MO
65603
65230
65010
63822
65438
63624
65443
64633
63830
63632
65630
64735
64438
65463
63937
65648
63041
65041
65668
64048
65334
65676
63446
65542
64653
64654
63552
65264
64765
63456
65717
64076
63666
64505
64862
65745
65565
65084

# MS
39040
38610
39425
39739
39272
38622
39063
38926
39501
38638
38941
39442
39098
39653
39754
39657
38765
38949
39153
39665
39363
39482
39365
38879
39772

# MT
59001
59820
59311
59008
59714
59314
59520
59911
59315
59213
59318
59016
59720
59215
59825
59322
59826
59427
59219
59725
59727
59434
59324
59728
59027
59436
59326
59222
59441
59223
59444
59446
59034
59526
59333
59241
59038
59736
59244
59456
59923
59739
59848
59538
59464
59058
59465
59927
59062
59467
59858
59841
59344
59747
59345
59066
59641
59930
59642
59073
59540
59074
59866
59472
59079
59270
59081
59082
59871
59874
59085
59353
59489
59648
59201
59089
59546

# NC
27203
27504
28713
27228
28327
28520
28722
28434
28523
28439
27826
28343
28073
27943
27944
28637
28445
28348
28078
27846
28449
28748
28749
28453
27028
28112
27030
27306
28906
28659
27571
28772
28575
27874
27883
27357
28468
27583
27586
27981
28698

# ND
58830
58711
58835
58521
58713
58523
58721
58418
58321
58011
58324
58528
58725
58735
58533
58436
58332
58627
58033
58440
58448
58043
58639
58243
58249
58251
58641
58757
58559
58356
58476
58651
58369
58568
58487
58790
58794
58497
58581

# NE
68713
68622
69020
68927
68928
69125
69128
68825
69129
68629
68828
68342
68344
68345
68833
68736
68841
69346
69348
68033
69351
69217
69355
69218
68405
68764
69155
68767
68866
68971
69360
68660
68873
68444
68666
69167
69201
69045
69170
69366

# NH
03216
03575
03576
03604
03103
03777

# NJ
08721
08804
08203
07737
07054
08610
08260
08094

# NM
88310
87001
88410
88211
88411
88103
88113
87518
87011
87070
88029
88417
87821
87533
88033
88034
87315
87936
88424
88040
88244
87022
88252
87025
88122
87028
87729
87733
87037
88342
87552
88344
87045
87034
88433
88055
88202
88345
87832
87420
88063
88134
87571
88267
87325
87326
87753
88268
87063
87943
88136

# NV
89001
89310
89311
89008
89821
89404
89314
89802
89405
89316
89013
89018
89026
89419
89317
89022
89318
89422
89830
89831
89191
89425
89040
89833
89427
89429
89834
89438
89835
89883
89446

# NY
14410
14801
14708
14006
12015
14424
13618
12926
13749
14038
12929
13627
13054
13776
13646
12838
12440
12745
14846
13361
12945
12455
14758
12134
11770
12857
13676
13142
14779
12157
10973
12182
14886
13158
13695
14892
13166
12993
13494

# OH
43906
45614
45616
43009
44124
45831
43732
44618
45469
44411
43433
45333
44428
44050
45742
45647
44902
45146
45859
44845
43143
45767
43766
43062
44679
43356
43844
43968

# OK
74722
73010
73729
73734
73642
73537
73937
73647
73738
74032
73437
73547
74738
73047
74745
73049
74747
74555
74043
74352
73555
73062
73658
74559
73562
73455
74565
74818
73857
73567
74461
74872
74079
73569
73668
73459
74082
74962

# OR
97407
97902
97711
97817
97413
97818
97623
97010
97712
97522
97731
97018
97823
97732
97336
97434
97827
97439
97736
97119
97442
97444
97906
97350
97908
97846
97848
97739
97038
97361
97149
97867
97461
97636
97751
97868
97637
97753
97466
97870
97758
97136
97873
97638
97366
97063
97146
97065
97544
97495

# PA
19506
15622
16317
16410
17320
18615
15332
16838
15545
15845
17747
15943
17071
17859
16865
17080
15474
16052
17763
16679
18357
15686
16258
19376
18255
17778
17370

# RI
02807

# SC
29014
29817
29819
29030
29325
29438
29442
29928
29929
29451
29564
29104
29583
29472
29850
29171

# SD
57620
57221
57725
57625
57737
57626
57337
57532
57341
57442
57534
57538
57540
57035
57543
57634
57752
57361
57045
57553
57759
57760
57050
57763
57562
57563
57773
57776
57470
57471
57263
57375
57657
57477
57574
57384

# TN
37371
38311
37713
37723
37324
38391
37327
38456
37080
37090
37098
38048
37802
38235
38367
37690
38281
37180
38587

# TX
79311
76225
77830
79714
75926
78827
79502
78750
77950
75630
78602
79505
79834
76932
78832
76825
78608
78522
76427
77612
77835
76429
78833
78010
76832
75937
76935
79226
78837
78418
76637
78850
79229
78017
77334
78618
75942
78851
79029
78853
77957
79938
75839
78019
78353
79233
76040
75132
78623
75762
79034
79839
76841
79735
77856
77542
79035
77551
76044
77963
75140
79525
78361
78557
77562
76645
79330
75448
78872
79331
78044
75850
78648
78569
79842
79843
77457
79752
79059
79756
79063
77629
79766
76943
79248
76866
75152
79068
78145
76485
79772
77467
78064
76469
79846
76682
78582
78379
76567
77368
78663
77655
75788
79847
78229
78384
76878
75480
79359
77474
79781
76474
76950
79258
79081
79782
76880
76402
76951
78160
79371
79372
75691
75860
76883
76502
73960
77481
76483
78072
77375
79786
75163
78391
79855
79094
78962
79565
79098
79381
79566
77995
78076

# UT
84710
84510
84711
84715
84723
84518
84022
84023
84522
84726
84630
84027
84734
84635
84737
84034
84035
84533
84042
84752
84645
84535
84052
84756
84054
84055
84540
84340
84086

# VA
24523
24527
22713
23314
22909
23336
24421
22820
23040
24326
22408
23059
24102
24445
24270
24127
24126
23874
22964
24637
23875
23876
23963
23968
22641
23443
23457
23190

# VT
05441
05751
05851
05660

# WA
99105
99321
98312
98814
99004
99324
99114
99326
98238
98535
98243
98022
98247
99129
98336
99337
98350
99144
98826
98830
98267
98560
98561
98272
98837
98845
99347
98363
98576
99166
98382
98068
98944
98946
98855
98650
98593
98903

# WI
54405
53511
54414
54726
54819
54515
54517
53927
53120
54935
54131
54845
53937
54442
54847
54215
54135
53719
53092
53565
54548
54648
53954
54466
54467
54762
54970
54764
53082
54659
54566
53098
53827

# WV
26201
26264
25244
24943
25521
25125
25140
25267
24747
26266

# WY
82620
82321
82322
82410
83113
82051
82834
82210
82925
82635
82324
82325
82932
82058
82716
82213
82637
82059
82935
82515
82063
82222
82936
82431
82642
82433
83013
82701
83124
82648
82334
82729
82442
82443
82240
82336
82732
